<<<<<<< HEAD
00
0
0
0
0
00
0
00
0
00
00
0
0
000
00
00
00
00
00
0
0
00
0
00
00
00
00
0
0
000
0
00
00
00
00
00
000
0
00
0
00
00
0
00
00
0
00
00
0
00
0
0
00
000
00
0
00
0
0
0
0
00
00
00
0
0
00
0
00
0
0
00
00
0
000
0
0
00
000
000
0
0
00
000
0000
00
0
00
0
00
0
0
0
0
00
0
0
000
0
0
0
00
0
00
0
0
000
00
00
0
000
0
00
0
000
00
0
00
0
00
0
000
00
000
00
00
000
00
0
0
00
000
00
00
00
00
00
00
00
00
00
0
00
00
000
0
00
00
00
00
0
000
00
0
00
00
00
000
00
000
0
=======
11
100
111
11
10
1111
11
11
10
11
11
1
1
1
100
11
1
10
111
11
10
1
1
11
1
100
1
10
10
10
10
10
100
1
100
1
111111
11
1
10
100
11
10
11
11
10
111
100
11
10
10
11
11
10
1
10
10
11
11
100
10000
111
11
1
1
111
11
10
11
10
1
11
11
1
100
100
1000
1
11
100
100
1
111
10
10
10
10
1
1
10
100
100
1
10
1
1
10
11
10
100000
1
10
111
101
1
100
1
11
11
111
1
11
11
1
1011
111
10
11
10
100
1
10
1
11
11
10
10
1
1
10
111
11
11
1
1
1
10
100
11
10
11
10
1
11
1
10
11
10
10
11
10
1
111
111
1000
10
1
10
10
100000
11
10
11
11
10
111
11
1000
100
1
10
100
11
10
11
111
1
111
11
10
111
111
10
111
111
1111
10
1
10
10
10
100
10
1
11
11
10
10
1
11
11
10
10
1
1
1
1
11
100
111
100
1111
10
11
10
10
11
1000000
10
1
11
10
10
1
1011
1
10
111
1
10
1
11
11
1
10
111
11
1
10
11
111111
10
10
10
100
10
10
10
10
10
100
1
11
10
11
11
1000
11
10
111
100
10
1
1
10
11
100
10
111
10
10000
10
11
11
10
10
100
111
10
11
10
11
11
11
1
1
10
10
10
1111
111
11
11
1
10
11
1
1
1000
100
10
1
11
1
111
11
111
10
10
1111
10
10
1
11
11
10
11
100
1111
11111
1
100
100
10
10
111
11
101
10
10
11
111
11
1
100
111
1
11
110
1
10
111
1031
11
111
111
10
11
111
1
11
10
1
100
10
10
11
1
1
1
1
10
100
111
10
111
10
1
10
10
111
1
10
10
111
1111
10
10
11
111
111
11
10111
1
11
111
1
11
100
1
1
1111
111
1
10
10
10
11
111
10
10
10
111
1
1111
1000
1
11
1
1
10
1
10
11101
1
1
1
11
1111
10
1
11
1
1
100
100
10
11
1
10
10
10
10
111
10
10
111
11
11
10
1
1
11
10
11
1111
10
111
1
11
11
1
111
1
1
100
111
10
1
1
111
10
11
1
10000
1
11
10
1111
1
100
10
11
11
111
1000
10
11
10
11
10
11
10
11
11
111
10
10
10
1
11
1
111
11
1
10
111
100
111
1
111
111
1
1
10
100
10
11
1
10
101
1
10000
10
11
1
1
10
11
11
1
111
11
1
10
1000
1
1111
10000
101
1
10
10
11
1
10
111
10
1
111
10
11
11
10
100
1
11
1000
111
10
1
1111
1
111
1
1
1
1
1
111
11
1
111
111
1
10
10
10
111
11
10
10
100
111
1
10
100
1
11
111
1
10000
1
10
10
1
10
11
11
10
11
11
10
11
10
10
11
11
1
11
1
11
111
11
10
1
111
11
10
11
11
11
10
11
111
1000
111
11
11
10
1
100
111
11
10
111
111
1111
1
11
10
1
111
11111
31
11
111
1111
10
11
100
100
10
1
1
1
1
1
10
10
111
1
1000
111
10
111
10
10
11
1
1
1011
10
1000
11011
10
111
11011
1
1
1
10
1
10
111
100
10
11
100
10
100
11
11
1
11
10
1
1
11
10
111
11
11
1
10
1
11
11
11
11
14
10
100
1
10
1
100
10
1
11
111
1111
1
10
11
10
111
11
1111
1
10
1
100
100
111
11
1
1
100
1
10
100
1
10
1
1000000
11
10
11
10
100
1000
1
1
11
11
10
11
10
1111
11
1
11
1
10
11
10
1111
111
10
1000
10
11
1000
100
11
1
111
10
100
1
111
111
1
401
101
1
10
1
1
11
10
141
111
1
11
10
10
10
10
411
10
10
11
11
11
1
10
1
1111
111
1
11
1
10
10
111
10
11
1
100
11
111
10
11
1
1
11
10
11
11
14
10
111
111
1111
10
11
111
100
11
1000
10
10
11
10
111
1
1000
111
11
111
111
111
11
10
111
101
10
1
1101
10
11
11
10
1
10
10
11
11
10
1
100
1
11
1
1
10
10
11
111
1
11
1
1
11
1
100
10
1
1
10
1111
11
11
1111
10
11
1
11
1
1
11
1
1000
1000
10
10
1111
1000
10
11
111
10
10
10
11
10
1
10
10
100
10
10
11
10
11
1
100
11
100000
10
101
100
100
10
10
10
10
100
100
11
11
1
11
100
11
10
11
411
100
10
11
1
10
10
11
1111
10
10
1
11
100
111
10
11
1
11
10
10
111
1
11
100
1
11111
10
10
11
111
111
1
111
1
1
100
10
10
1111
10
111
10
10
11
11
111
11
111
11
10
1
100
111
1
10
1
11
1
10
1
10000
111111
1
111
11
100
100
11
1
11
1
10
10
111
111
11
1111
11111
10
311
11
1
111
1000
111
11
10
11
1
10
1000
111
10
11
10
1
11
10
10
11
11
1
10
11
111
11
11
1
11
1
100
100
1
11
1
1
11
111
1
11
10
1
101
10
1
1
111
111
11
1
11
11
1111
100
110
11
1
11
1000
111
10
10
11
11
111
111
11
100
1
1
1
111
11
11
11
10
111
1
1
10
100000
10
10
10
11
10
11
10000
11
10
1
1
10
100
10
1000
1
10
1
10
1
111
11
111
10
11
1
111
111
11
1
10
1111
10
10
11
1
1
100
10
11
10
100
10
1
11
1
1
111
100
11
11
11
10
1
100
10
111
10
1
10
11010111
111
10
1
11
1
11
1
11
1
1114
111
11
11
1111
11
11
11
113
10
10
11
1111
10
111
1
100
10
10
10
11
11
11
10
1
111
1
11
10
11101
11
11
11
11
11
11
1
1
3111
1000
10
11
11
11
11
1
11
11
1
11
111
1
10
1000
1
1
10
1
111
101
111
10
10
10
111
1111
10
100
1
11
10
11
11
10
10
11
111
11
1
10
11
10
100
1
1100
100
101
1
10
1
111
11
1
1
10
1
11
11
10
111
10
1
111
10
10
11
10
1111
11
11
10
1
>>>>>>> d074e04
