0 5
10
4
3
7
8 9
2
1 6
11
14 23
13 30
15
12
16 17 20
18 24
18 21
19 22
25 28
26 27
29
60
32 34
31
33 35
41 20
36 37
40 42
39
38
45 47 48
43
44 46
49 50
53 32
53 56
52 5
54 55 57
51
58 42
59
61 57
62 64
63
65 66
67 70
48
48 57
71 74
69
72 42
68
73
75 15
75 49 50
75 80
77
79 81
76
78
82
84
83 85
83 86
89 74
87
88
92 95
90
94 83
91
93
96 64
96 98
97
99 96 102
114
100
101 103
107 111 116
107 110 113
120
117
105 57
104 106 109
108 112 115 5
119 122
118
124 113
121
125 127
123
126
139
128
130 131
129
147
135 137 141
132
133
134
138 5
136
142 86
140
143
22 148 149
22 44
145 146
144
152 153 5
151
162 168
150
154 106 158
157 160
155
159 161
156
163 166
164
167 170 171
165 169
165 172 174
165 173
165 175
165 192 183
177 91
176
178
74 159
188 190 191
179 169
20 57
180 70
181 183
182 11
182 44
182 186
182 74
184 86
185
187 57
197 199
42 201 5
189
193 49
193 194
195 57
196 198
191
203 205 183
202 74
200
204 206
204 42
207 57
210 192 183
209 9
211 212 174
208
